	users_total	messages_total	users_5	messages_5	users_7	messages_7	users_11	messages_11	users_1	messages_1	users_4	messages_4	users_0	messages_0	users_13	messages_13	users_9	messages_9	users_8	messages_8	users_3	messages_3	users_6	messages_6	users_12	messages_12	users_14	messages_14	users_10	messages_10	users_2	messages_2
2015-07-12 00:00:00+00:00	6.0	84.0			3.0	6.0	5.0	6.0	3.0	9.0			6.0	15.0	6.0	25.0	2.0	2.0	5.0	7.0	3.0	4.0	3.0	5.0			2.0	2.0	1.0	1.0	1.0	2.0
2015-07-26 00:00:00+00:00	25.0	1472.0			14.0	92.0	17.0	127.0	22.0	492.0			18.0	236.0	15.0	133.0	8.0	51.0	15.0	54.0	16.0	95.0	11.0	66.0			10.0	34.0	7.0	21.0	6.0	15.0
2015-08-09 00:00:00+00:00	9.0	180.0			17.0	100.0	24.0	143.0	30.0	572.0			23.0	263.0	17.0	135.0	10.0	57.0	20.0	60.0	17.0	96.0	17.0	83.0			12.0	37.0	7.0	21.0	7.0	16.0
2015-08-23 00:00:00+00:00	7.0	86.0			21.0	104.0	26.0	145.0	33.0	597.0			27.0	273.0	21.0	144.0	12.0	60.0	22.0	63.0	21.0	102.0	21.0	91.0			14.0	40.0	7.0	21.0	9.0	18.0
2015-09-06 00:00:00+00:00	9.0	100.0			25.0	109.0	29.0	155.0	38.0	638.0			31.0	291.0	21.0	144.0	15.0	63.0	24.0	68.0	23.0	106.0	24.0	97.0			14.0	40.0	9.0	24.0	9.0	18.0
2015-09-20 00:00:00+00:00	4.0	11.0			26.0	110.0	29.0	155.0	39.0	639.0			32.0	292.0	21.0	144.0	16.0	64.0	26.0	72.0	23.0	106.0	25.0	98.0			14.0	40.0	9.0	24.0	10.0	20.0
2015-10-04 00:00:00+00:00	1.0	1.0			26.0	110.0	29.0	155.0	40.0	640.0			32.0	292.0	21.0	144.0	16.0	64.0	26.0	72.0	23.0	106.0	25.0	98.0			14.0	40.0	9.0	24.0	10.0	20.0
2015-10-18 00:00:00+00:00	12.0	376.0			29.0	121.0	35.0	189.0	51.0	785.0			42.0	370.0	25.0	155.0	20.0	74.0	30.0	80.0	27.0	120.0	31.0	121.0			17.0	44.0	13.0	36.0	13.0	24.0
2015-11-01 00:00:00+00:00	18.0	205.0			34.0	128.0	44.0	208.0	64.0	833.0			57.0	430.0	26.0	156.0	24.0	81.0	35.0	86.0	34.0	127.0	48.0	153.0			18.0	45.0	18.0	41.0	14.0	25.0
2015-11-15 00:00:00+00:00	13.0	30.0			34.0	128.0	47.0	211.0	71.0	845.0			62.0	435.0	26.0	156.0	24.0	81.0	36.0	87.0	36.0	129.0	51.0	156.0			18.0	45.0	18.0	41.0	14.0	25.0
2015-11-29 00:00:00+00:00	7.0	20.0			34.0	128.0	48.0	213.0	77.0	854.0			66.0	442.0	26.0	156.0	24.0	81.0	36.0	87.0	36.0	129.0	51.0	156.0			19.0	46.0	18.0	41.0	14.0	25.0
2015-12-13 00:00:00+00:00	7.0	25.0			35.0	129.0	50.0	215.0	81.0	861.0			70.0	449.0	26.0	156.0	26.0	83.0	37.0	88.0	37.0	130.0	53.0	158.0			19.0	46.0	18.0	41.0	14.0	25.0
2015-12-27 00:00:00+00:00	8.0	29.0			37.0	131.0	55.0	222.0	85.0	866.0			72.0	451.0	27.0	158.0	27.0	84.0	37.0	88.0	38.0	131.0	57.0	164.0			20.0	47.0	18.0	41.0	14.0	25.0
2016-01-10 00:00:00+00:00	9.0	38.0			39.0	133.0	61.0	231.0	88.0	874.0			79.0	463.0	27.0	158.0	28.0	85.0	38.0	89.0	38.0	131.0	58.0	165.0			20.0	47.0	20.0	43.0	14.0	25.0
2016-01-24 00:00:00+00:00	53.0	2457.0			57.0	227.0	88.0	378.0	118.0	1127.0			117.0	1119.0	44.0	237.0	51.0	148.0	58.0	202.0	61.0	279.0	83.0	285.0			35.0	88.0	44.0	142.0	41.0	322.0
2016-02-07 00:00:00+00:00	101.0	4293.0			102.0	447.0	146.0	686.0	176.0	1500.0			183.0	1871.0	80.0	353.0	92.0	357.0	101.0	430.0	114.0	656.0	131.0	574.0			75.0	252.0	85.0	364.0	74.0	471.0
2016-02-21 00:00:00+00:00	121.0	3298.0			154.0	593.0	216.0	910.0	247.0	1767.0			255.0	2394.0	126.0	537.0	149.0	531.0	157.0	637.0	172.0	881.0	190.0	829.0			125.0	400.0	128.0	514.0	115.0	615.0
2016-03-06 00:00:00+00:00	165.0	4741.0			225.0	816.0	286.0	1229.0	331.0	2636.0			358.0	3236.0	175.0	684.0	215.0	760.0	217.0	819.0	247.0	1167.0	272.0	1202.0			175.0	558.0	188.0	711.0	176.0	801.0
2016-03-20 00:00:00+00:00	174.0	5223.0			304.0	1067.0	369.0	1630.0	418.0	3142.0			476.0	4309.0	245.0	906.0	292.0	992.0	296.0	1131.0	315.0	1499.0	364.0	1592.0			224.0	737.0	237.0	892.0	247.0	1074.0
2016-04-03 00:00:00+00:00	169.0	3779.0			367.0	1217.0	435.0	1865.0	495.0	3494.0			580.0	5002.0	301.0	1025.0	362.0	1192.0	361.0	1356.0	389.0	1755.0	439.0	1865.0			282.0	924.0	296.0	1093.0	299.0	1267.0
2016-04-17 00:00:00+00:00	158.0	3767.0			424.0	1418.0	509.0	2130.0	565.0	3781.0			669.0	5718.0	341.0	1117.0	415.0	1362.0	421.0	1588.0	449.0	1998.0	506.0	2113.0			334.0	1131.0	352.0	1402.0	345.0	1420.0
2016-05-01 00:00:00+00:00	157.0	3028.0			475.0	1614.0	566.0	2327.0	626.0	3995.0			771.0	6265.0	380.0	1285.0	462.0	1505.0	471.0	1766.0	517.0	2227.0	557.0	2309.0			381.0	1249.0	399.0	1566.0	389.0	1554.0
2016-05-15 00:00:00+00:00	193.0	7412.0			558.0	2036.0	650.0	2893.0	720.0	4657.0			895.0	7696.0	455.0	2196.0	528.0	1777.0	548.0	2191.0	604.0	2692.0	645.0	2783.0			444.0	1530.0	472.0	1892.0	461.0	1858.0
2016-05-29 00:00:00+00:00	208.0	6586.0			622.0	2407.0	742.0	3400.0	810.0	5187.0			1027.0	8949.0	528.0	2943.0	596.0	2069.0	620.0	2561.0	687.0	3208.0	730.0	3201.0			510.0	1799.0	525.0	2045.0	508.0	2156.0
2016-06-12 00:00:00+00:00	192.0	4006.0			692.0	2653.0	816.0	3703.0	889.0	5464.0			1154.0	9751.0	585.0	3226.0	656.0	2241.0	689.0	2785.0	762.0	3512.0	802.0	3441.0			578.0	2021.0	578.0	2225.0	562.0	2322.0
2016-06-26 00:00:00+00:00	187.0	3773.0			768.0	2877.0	880.0	3961.0	953.0	5718.0			1244.0	10424.0	633.0	3531.0	704.0	2390.0	743.0	2960.0	822.0	3765.0	872.0	3707.0			631.0	2160.0	637.0	2449.0	604.0	2519.0
2016-07-10 00:00:00+00:00	167.0	4055.0			833.0	3117.0	941.0	4218.0	1031.0	5986.0			1351.0	11185.0	683.0	3776.0	754.0	2582.0	805.0	3201.0	882.0	3963.0	934.0	3996.0			684.0	2342.0	691.0	2655.0	655.0	2721.0
2016-07-24 00:00:00+00:00	144.0	3010.0			879.0	3265.0	991.0	4409.0	1089.0	6187.0			1432.0	11750.0	730.0	3928.0	806.0	2739.0	860.0	3373.0	936.0	4141.0	997.0	4227.0			728.0	2463.0	722.0	2791.0	702.0	2907.0
2016-08-07 00:00:00+00:00	144.0	2337.0			920.0	3370.0	1047.0	4553.0	1149.0	6367.0			1507.0	12172.0	753.0	3972.0	848.0	2883.0	904.0	3503.0	995.0	4297.0	1051.0	4426.0			769.0	2599.0	763.0	2928.0	737.0	3028.0
2016-08-21 00:00:00+00:00	128.0	2410.0			963.0	3546.0	1100.0	4722.0	1195.0	6529.0			1584.0	12562.0	783.0	4104.0	881.0	2982.0	951.0	3659.0	1052.0	4501.0	1099.0	4609.0			813.0	2719.0	790.0	3010.0	768.0	3134.0
2016-09-04 00:00:00+00:00	113.0	3086.0			1017.0	3797.0	1160.0	4923.0	1249.0	6722.0			1658.0	13094.0	819.0	4182.0	926.0	3114.0	995.0	3845.0	1107.0	4727.0	1156.0	4812.0			856.0	2883.0	836.0	3165.0	810.0	3263.0
2016-09-18 00:00:00+00:00	109.0	3128.0			1070.0	3987.0	1208.0	5099.0	1302.0	6910.0			1720.0	13713.0	850.0	4296.0	965.0	3225.0	1034.0	4027.0	1158.0	4953.0	1202.0	5003.0			894.0	3041.0	861.0	3303.0	847.0	3399.0
2016-10-02 00:00:00+00:00	119.0	2703.0			1115.0	4147.0	1257.0	5278.0	1345.0	7077.0			1798.0	14179.0	882.0	4449.0	1002.0	3305.0	1073.0	4191.0	1208.0	5167.0	1241.0	5164.0			933.0	3185.0	895.0	3428.0	876.0	3534.0
2016-10-16 00:00:00+00:00	111.0	2491.0			1152.0	4276.0	1299.0	5495.0	1390.0	7244.0			1867.0	14661.0	902.0	4498.0	1029.0	3387.0	1097.0	4276.0	1256.0	5386.0	1280.0	5345.0			968.0	3340.0	922.0	3546.0	904.0	3636.0
2016-10-30 00:00:00+00:00	99.0	1916.0			1187.0	4368.0	1332.0	5610.0	1429.0	7344.0			1924.0	15070.0	921.0	4566.0	1056.0	3474.0	1136.0	4388.0	1282.0	5500.0	1315.0	5492.0			993.0	3425.0	955.0	3677.0	930.0	3742.0
2016-11-13 00:00:00+00:00	98.0	1818.0			1221.0	4450.0	1366.0	5716.0	1454.0	7411.0			1984.0	15383.0	940.0	4609.0	1084.0	3554.0	1168.0	4484.0	1319.0	5630.0	1351.0	5624.0			1015.0	3516.0	990.0	3844.0	961.0	3847.0
2016-11-27 00:00:00+00:00	97.0	2251.0			1260.0	4564.0	1398.0	5879.0	1495.0	7533.0			2041.0	15802.0	969.0	4713.0	1108.0	3646.0	1203.0	4598.0	1368.0	5804.0	1390.0	5783.0			1049.0	3646.0	1024.0	3950.0	991.0	3945.0
2016-12-11 00:00:00+00:00	111.0	3150.0			1302.0	4758.0	1449.0	6106.0	1541.0	7708.0			2107.0	16345.0	1005.0	4811.0	1142.0	3756.0	1244.0	4791.0	1415.0	6003.0	1437.0	5986.0			1089.0	3819.0	1060.0	4117.0	1032.0	4080.0
2016-12-25 00:00:00+00:00	89.0	1922.0			1334.0	4926.0	1480.0	6238.0	1571.0	7824.0			2158.0	16646.0	1033.0	4930.0	1167.0	3824.0	1276.0	4886.0	1452.0	6120.0	1467.0	6102.0			1122.0	3945.0	1085.0	4191.0	1059.0	4145.0
2015-07-19 00:00:00+00:00			10.0	67.0							9.0	24.0													5.0	7.0						
2015-08-02 00:00:00+00:00			17.0	107.0							13.0	36.0													5.0	7.0						
2015-08-16 00:00:00+00:00			19.0	111.0							13.0	36.0													5.0	7.0						
2015-08-30 00:00:00+00:00			25.0	123.0							15.0	38.0													5.0	7.0						
2015-09-13 00:00:00+00:00			26.0	124.0							15.0	38.0													5.0	7.0						
2015-09-27 00:00:00+00:00			26.0	124.0							15.0	38.0													5.0	7.0						
2015-10-11 00:00:00+00:00			26.0	124.0							15.0	38.0													5.0	7.0						
2015-10-25 00:00:00+00:00			32.0	141.0							21.0	50.0													6.0	8.0						
2015-11-08 00:00:00+00:00			36.0	146.0							23.0	52.0													6.0	8.0						
2015-11-22 00:00:00+00:00			36.0	146.0							23.0	52.0													6.0	8.0						
2015-12-06 00:00:00+00:00			36.0	146.0							25.0	54.0													6.0	8.0						
2015-12-20 00:00:00+00:00			37.0	147.0							25.0	54.0													7.0	9.0						
2016-01-03 00:00:00+00:00			40.0	150.0							25.0	54.0													7.0	9.0						
2016-01-17 00:00:00+00:00			51.0	227.0							34.0	96.0													13.0	39.0						
2016-01-31 00:00:00+00:00			95.0	571.0							80.0	330.0													44.0	204.0						
2016-02-14 00:00:00+00:00			153.0	867.0							131.0	547.0													89.0	395.0						
2016-02-28 00:00:00+00:00			205.0	1075.0							187.0	774.0													124.0	511.0						
2016-03-13 00:00:00+00:00			296.0	1550.0							245.0	1008.0													175.0	704.0						
2016-03-27 00:00:00+00:00			387.0	1908.0							329.0	1293.0													229.0	858.0						
2016-04-10 00:00:00+00:00			462.0	2175.0							383.0	1481.0													274.0	1040.0						
2016-04-24 00:00:00+00:00			521.0	2407.0							437.0	1680.0													312.0	1179.0						
2016-05-08 00:00:00+00:00			591.0	2751.0							486.0	1885.0													372.0	1380.0						
2016-05-22 00:00:00+00:00			686.0	3194.0							553.0	2151.0													420.0	1497.0						
2016-06-05 00:00:00+00:00			769.0	3636.0							611.0	2399.0													451.0	1650.0						
2016-06-19 00:00:00+00:00			833.0	3871.0							652.0	2566.0													486.0	1760.0						
2016-07-03 00:00:00+00:00			908.0	4150.0							703.0	2708.0													529.0	2020.0						
2016-07-17 00:00:00+00:00			977.0	4468.0							763.0	2988.0													574.0	2277.0						
2016-07-31 00:00:00+00:00			1028.0	4632.0							797.0	3068.0													607.0	2408.0						
2016-08-14 00:00:00+00:00			1085.0	4814.0							835.0	3176.0													637.0	2500.0						
2016-08-28 00:00:00+00:00			1134.0	5063.0							879.0	3314.0													667.0	2596.0						
2016-09-11 00:00:00+00:00			1196.0	5352.0							932.0	3644.0													711.0	2749.0						
2016-09-25 00:00:00+00:00			1243.0	5649.0							976.0	3891.0													746.0	2911.0						
2016-10-09 00:00:00+00:00			1289.0	5868.0							1013.0	4060.0													774.0	3018.0						
2016-10-23 00:00:00+00:00			1333.0	6044.0							1050.0	4184.0													800.0	3091.0						
2016-11-06 00:00:00+00:00			1372.0	6176.0							1086.0	4322.0													828.0	3216.0						
2016-11-20 00:00:00+00:00			1416.0	6343.0							1127.0	4508.0													861.0	3314.0						
2016-12-04 00:00:00+00:00			1471.0	6629.0							1173.0	4787.0													891.0	3412.0						
2016-12-18 00:00:00+00:00			1513.0	6790.0							1210.0	5013.0													916.0	3514.0						
2017-01-01 00:00:00+00:00			1542.0	6891.0							1226.0	5070.0													928.0	3559.0						
